structure(list(MDS1 = c(-0.0470611519422889, 0.209951314098989, 
-0.0474413576382582, 0.242439158055001, 0.246103388242708, 0.280660018920956, 
0.28427236312114, 0.244384886890695, 0.334488820951083, 0.296321309792441, 
0.3166570914309, 0.372499291489931, -0.0690190969071309, -0.210750705363881, 
-0.236079780133941, -0.29275016921817, -0.266383990287599, -0.0525444938270168, 
-0.207167350723494, 0.0296216349482726, 0.0968895028206981, -0.169054427067659, 
-0.142272374723429, -0.192857025807975, -0.315171793711358, -0.347359647174817, 
-0.154453942660231, -0.272248920327218, 0.131997378788455, -0.0381636434136222, 
-0.238812434182865, -0.170708260358155, 0.00436583336278312, 
0.0459564395543245, -0.0299051001959923, -0.0210300165259867, 
0.0112564970393485, -0.154294313512598, 0.013997376497404, -0.0282800759854145, 
0.111191917751724, 0.0860185606262906, 0.0321453286656132, 0.164685203358932, 
0.147906755281413), MDS2 = c(0.148945708721258, 0.0885602229074324, 
0.13287519135417, -0.0700600587666167, -0.0634113569281723, -0.0842520082898869, 
-0.0583038940590164, -0.0527395954832769, -0.102877125199002, 
-0.0526013151622046, -0.0987464960952899, -0.0724422863890071, 
0.00436142362379162, -0.0222009485634122, -0.175527293068429, 
0.0377982953801609, -0.0497812123079987, 0.0746641060564329, 
0.111670977869241, -0.00181285668141053, 0.101189626150363, -0.159323788678799, 
0.017775448802951, -0.0388638560763643, -0.311803333696009, 0.0597374219426077, 
-0.0415740676387063, -0.0980878186923985, 0.0810740155468612, 
0.0476633061941327, 0.0775523623382183, 0.0754496701806031, -0.048656462111395, 
-0.0014609339250823, 0.0384688835121304, -0.0414994786998267, 
-0.0387761004411189, 0.0330841273438339, 0.0229946644461358, 
0.0369328000009503, 0.0272467432143732, 0.096639968539938, 0.194315467150141, 
0.0695900439248693, 0.106211811752828), MDS3 = c(-0.208476338759332, 
-0.0103618810731276, -0.200082057742972, -0.01250097565388, 0.00725846534963834, 
-0.0117476576291627, 0.0018660640473921, -0.0408121490452975, 
-0.0142944269491754, -0.0099005703673478, -0.0399862101765988, 
-0.00232041935302057, 0.0662578925134067, -0.0121246574614496, 
-0.0329023278434975, -0.0306760198970659, -0.103975445861138, 
0.0169844795386683, 0.0591261753911797, 0.0618139276044239, 0.116893886461637, 
0.0770379617025089, 0.156695691915763, 0.0386336208313199, -0.00952818812514659, 
-0.0612805142873823, 0.00693539952063813, -0.0593732863442012, 
0.144967903503172, 0.105077309844958, 0.126219539876645, 0.0791860124263986, 
0.125712146859788, -0.00884558687399645, 0.00739942127613129, 
-0.0391900951149379, -0.0559259850108455, -0.0726821009581167, 
-0.0476342286994634, -0.0812803222584204, -0.0133919617203215, 
-0.0389674483867218, 0.0274426993555534, -0.021163434664726, 
0.0139156922381234)), .Names = c("MDS1", "MDS2", "MDS3"), row.names = c("Unburnt1", 
"Unburnt2", "Unburnt3", "Unburnt4", "Unburnt5", "Unburnt6", "Unburnt7", 
"Unburnt8", "Unburnt9", "Unburnt10", "Unburnt11", "Unburnt12", 
"BCU1_2", "BCU1_3", "BCU2_1", "BCU2_2", "BCU3_1", "BCU3_3", "BCU4_1", 
"BCU4_2", "BCU4_3", "BCW1_1", "BCW1_2", "BCW1_3", "BCW2_1", "BCW2_2", 
"BCW2_3", "BCW3_1", "BCW3_2", "BCW3_3", "BCW4_1", "BCW4_2", "BCW4_3", 
"Burnt1_1", "Burnt1_2", "Burnt1_3", "Burnt2_1", "Burnt2_2", "Burnt2_3", 
"Burnt3_1", "Burnt3_2", "Burnt3_3", "Burnt4_1", "Burnt4_2", "Burnt4_3"
), class = "data.frame")
